13902720504
15570120047
13829560541
15841971501
13189956463
15141918294
18741920449
15579887124
15841964723
13189022716
15841960783
15661440461
18445989729
18435515378
15817713894
13923675616
15841964722
13566684083
15363056682
15696799093
13923973179
18242821865
13532516944
18445750433
18741918427
15841971192
18702864502
18741900724
13713329537
13059534844
15817993048
13923975623
15992272983
15841916124
15687376194
15688350875
13674216552
13145187871
13566474415
13040507786
18445756702
15708499784
15841971878
13144251494
15728135476
13057669874
13149388039
13929685020
13923944412
13923942885
13566495864
13151548803
13929682607
15688357704
13149380573
13829589576
18482394814
18242821706
13604197084
15904991214
15841977996
15804998754
13829527334
15769232584
13246077049
18445754593
15561086220
13929671162
13902777082
13149353795
13941959437
13156658474
13566474110
13929680804
13566404250
15599895646
15841978450
13539097940
13178744372
13902773343
15817506580
13566436948
18445782035
13829520792
15709298544
15989736090
13841935452
13829504103
18445753477
13923934787
15804976851
13144252483
13057652934
15876416184
15904201510
13941985067
18341973228
18242828078
13112715546
13013442735
15602507804
13059564374
15917684214
13144257987
13242103475
13144710560
15817917600
15809818594
13902722944
15809852644
13566475415
13172359452
13929679266
13929697806
15077638047
13798746852
15841975200
13149385338
13160997435
15140991247
13923920100
13537264135
13750646842
15688358197
13929675696
13064525510
13750654564
13093728072
13119007495
13923971248
13929670017
13532432961
15917747452
15841936337
13257976954
18341949745
13060266237
15602570614
18242822652
13941994430
13118832535
13035494120
13829544028
13706549140
13094811153
15651704858
15696797744
18445751540
18242824051
13902774237
13144255516
13841967975
13829506479
15622061264
15875411011
18820343267
13288433151
15657162741
13923925059
13674210338
15579483419
13829508430
15875498901
13751460771
15841963763
13064525615
15992783090
18235624790
13829468977
15217529573
13229207615
13829526174
15609274162
15708405052
18334389607
13149376610
15841976321
13751334893
13416682358
18267645194
13923920580
13246073772
13013446885
18242826420
18445752710
13634998846
13144254895
15014874483
13829555875
13201019747
15718430873
15841913349
13286750924
18702875692
15841974429
13456822042
18341904518
15809814574
18482394572
15875458470
13005236383
18708160145
15363837655
13423004972
18341900781
13923927955
13898253573
18445750842
13179945403
15804972129
13725772670
15875412384
18267617844
15804234007
18341987100
13923939586
13829459277
13923973596
13591909729
13133773584
15587041342
13713396899
15503246146
13286753418
13144256898
13251033041
15599792949
15661449371
13119531180
18445751299
13923937190
15651709724
18267640840
13058321724
13239005294
15177069594
13757625841
13614191967
15804206305
13246319569
13705862443
13929676898
15679779420
13614195048
13929685441
15579854784
13149350463
15804994420
15717760117
15904994981
13841945721
13634996240
15841974502
13049022765
15648565245
13929687405
13624990750
13753611947
15917690029
13923929831
15542316146
13566423534
13653474879
18740220135
15218765301
13929678977
15602577774
13593324289
15559894846
13566497641
13923977472
13923922317
13829511725
15841984318
13902725143
15904990557
18445784174
13686643404
15713567405
15876410149
13923920751
18344423735
13750688404
13829458028
13941986406
18242824628
15302846012
15888634274
13829475536
15804994350
15728444910
13066565524
13433664543
13098738161
15658114601
13706547465
13841907039
15363058537
15521671394
13178702431
13941906377
13077625702
13829485513
13205662044
15777693317
13923678602
15904205684
18445785149
13923939562
13246321934
18445754896
13829501153
13929691544
15708416795
13829470810
18814859418
15302886087
15014785307
18435616164
18445989764
15140994814
18435515087
15804986156
15841970460
18341945635
15140990497
15989732317
13923920170
13923979920
18242849213
15598450878
13898272330
13458567277
18445750761
13170610148
15714198430
13923955175
13829599965
13593301447
13929696731
13591914054
15913824749
13566473642
15804994550
13829539049
18435634896
15708404457
13923940836
13591907128
13192838954
15708417156
13225668243
13923973405
13706540498
18657704785
13713777564
13181154828
13181771342
15579593246
15541958757
13189905324
13124265784
15012824276
18254488054
15230850844
13143792314
13140786145
18263165468
13624146173
13109887244
13166753424
13245169343
18263210464
17072264475
15230801694
15689723401
13731183547
13166796304
15214237871
18475634815
15579092482
15641348770
13245849820
18240436225
13169279369
15566607014
13182989654
13282725434
15524987268
15127144596
15634054976
13614943094
13282416501
17080633877
13094014254
17080633892
15599615403
18529114090
15002063727
15814226624
17031368128
17073415499
13686272591
17190834453
13178741433
13715228942
13292246791
13091443945
13023641851
17080804543
17089837698
15631343142
15559336483
17190834468
17084494851
15558975884
15918362972
13208003913
13072483734
13222043082
13235813431
13790355481
17080624509
13072408224
17073414348
13236549760
15640147164
13649872030
13024279610
17060901103
13145125273
17073413844
18529113409
13713245104
13201007409
17080624638
15533450589
13082430904
13002916334
13234042384
17073414108
15016925094
17085457843
18529115419
17190849749
13580873806
17080804530
13236416329
13251514920
18241428719
13713608972
13226210450
13106326154
17075078815
13066737124
17080655017
17075051857
13093691431
14740482389
13160466114
15889460972
13245295550
13257844230
13245297015
15664642262
17080651394
17099092027
15015201481
17076839560
17076837842
15635163878
13237895190
13072428704
13040076004
17075154349
17080841143
17075154295
17089682842
15889460732
15558958247
17089681137
18685829545
15014665872
17080490417
17084182980
17075072023
13291402521
15558731146
15558952504
17080369259
13245810730
13040063844
15710568343
13728580714
15558782431
17075842917
13222047996
13651493742
13245298502
13418419448
13798806642
17075155244
13286765749
15506822427
13141678285
13727365770
13140754850
13091974336
13115014093
13679869749
17072402354
13032942533
13221141647
17075067223
17075066821
17174524796
13727443620
15664642185
14740483220
17135624692
18340429372
17083084940
18341418340
15015374631
13624141507
17082864182
13227532353
13045020442
13478921762
17080116545
17083293415
13478919844
13840463390
17135624892
13624148352
13478910561
17071093349
13840460147
18819723984
15509942354
13478919710
13840450504
18334397113
13624140862
17083298199
18241456396
13940418674
18741464424
17089838157
13532657284
17083295538
13478919583
13257843414
17184889916
15577323681
13470644824
17081265978
17087689848
15940123044
15694404335
15825524210
17089165314
17080653569
17192678425
13840403554
17087337413
17180359894
17083294816
17083594162
13592742714
13237873671
15697901528
18316591779
13450060819
15876456247
13093691145
13144588460
13614146031
17080652175
15913844418
17084493034
17083074014
15812857246
17086806470
17089682187
17079474155
13114601447
15876988497
17084494928
13763260517
17083071463
17083298729
15898091493
17075125817
13145668744
13470654814
17083298784
17072244379
17184964697
13083288646
15650927044
15685854092
13237795238
13036086031
17075125895
17186438351
17083298531
13072491384
13151060724
13208041214
17080844514
17858859764
15040760673
18309820914
13735435414
13537142855
18242632641
13208013057
13083285424
17184125355
13042580416
17084495604
17195247742
17089682441
18242635346
13470651491
17075544837
15558314453
13567183314
17078137097
17088921483
13588173446
17081264132
17196424611
17089680651
17196420828
17858619674
13543703470
17186433524
15204080994
18565227486
17089681373
17186436305
18242638473
13543787025
15168284684
18529134206
18588634686
15512544842
13539043941
17083670062
17080128732
17084119326
15840192554
18242631548
17089681321
17083672858
17083298776
17072171624
17086808548
17083296831
17080129440
13560868701
15619014615
15258817649
17087360322
18588584478
13189988463
17075543272
13588424010
17080129176
15512540210
17089621548
17080841864
15968866074
13738011454
17072176467
17089680455
15158030491
17083074326
17090385944
18704005396
17080844387
17188326574
15906811194
13040074508
15597555449
15999740892
13165984360
17072244405
17072281067
17075151704
15217529719
17084185428
17087331846
17081100382
17075125184
13028401864
13116787278
17188326374
17071094328
18242644414
15968833054
13173655148
13612732759
17089682285
15710524245
13588164614
17083670960
17081650847
13016993694
17184125187
17082577016
13694184424
17075309846
17090388124
15118227768
15685488994
17082461379
13028402990
17081121337
13201616482
17135624470
17080843646
17184969062
17072244533
17190026419
17083078365
17080655943
13083042294
15242415683
15558370461
17184969100
18240453527
13252887628
15118521558
13078035479
17080489280
15940218404
15814327780
13151076614
15940158324
14740344538
13211428720
13211424337
13218048281
13539044489
17071439825
15710585407
15140983404
18341987369
13929676860
15841984583
13555902100
13829460211
18242847780
18445989781
15841974902
13941997031
15875377610
13591907558
18341924633
18482392263
13288428854
13729952552
13649859871
13923925973
13902747820
13941924830
13929681917
18341975625
13941947552
15657169410
18702857240
15841980273
13829471214
18277642167
13049016948
15719469787
15708408663
18781945083
13086005843
18341909357
18781994197
13149394641
18819759476
13144135545
18445751357
18741940619
18445752845
13929685410
13229232193
18702843900
13095360542
18312209770
18824363825
13610995334
15521667764
15579851614
13257970743
18445756103
15976905108
13242105003
13013443438
13841940331
13566413404
13214285403
18445987326
13941902710
15599617584
13566424024
15599895450
18445754610
13790293452
13923972282
18242842639
15007678589
18708153859
18782018923
15904995416
15804996778

