18657704785
13713777564
13181154828
13181771342
15579593246
15541958757
13189905324
13124265784
15012824276
18254488054
15230850844
13143792314
13140786145
18263165468
13624146173
13109887244
13166753424
13245169343
18263210464
17072264475
15230801694
15689723401
13731183547
13166796304
15214237871
18475634815
15579092482
15641348770
13245849820
18240436225
13169279369
15566607014
13182989654
13282725434
15524987268
15127144596
15634054976
13614943094
13282416501
17080633877
13094014254
17080633892
15599615403
18529114090
15002063727
15814226624
17031368128
17073415499
13686272591
17190834453
13178741433
13715228942
13292246791
13091443945
13023641851
17080804543
17089837698
15631343142
15559336483
17190834468
17084494851
15558975884
15918362972
13208003913
13072483734
13222043082
13235813431
13790355481
17080624509
13072408224
17073414348
13236549760
15640147164
13649872030
13024279610
17060901103
13145125273
17073413844
18529113409
13713245104
13201007409
17080624638
15533450589
13082430904
13002916334
13234042384
17073414108
15016925094
17085457843
18529115419
17190849749
13580873806
17080804530
13236416329
13251514920
18241428719
13713608972
13226210450
13106326154
17075078815
13066737124
17080655017
17075051857
13093691431
14740482389
13160466114
15889460972
13245295550
13257844230
13245297015
15664642262
17080651394
17099092027
15015201481
17076839560
17076837842
15635163878
13237895190
13072428704
13040076004
17075154349
17080841143
17075154295
17089682842
15889460732
15558958247
17089681137
18685829545
15014665872
17080490417
17084182980
17075072023
13291402521
15558731146
15558952504
17080369259
13245810730
13040063844
15710568343
13728580714
15558782431
17075842917
13222047996
13651493742
13245298502
13418419448
13798806642
17075155244
13286765749
15506822427
13141678285
13727365770
13140754850
13091974336
13115014093
13679869749
17072402354
13032942533
13221141647
17075067223
17075066821
17174524796
13727443620
15664642185
14740483220
17135624692
18340429372
17083084940
18341418340
15015374631
13624141507
17082864182
13227532353
13045020442
13478921762
17080116545
17083293415
13478919844
13840463390
17135624892
13624148352
13478910561
17071093349
13840460147
18819723984
15509942354
13478919710
13840450504
18334397113
13624140862
17083298199
18241456396
13940418674
18741464424
17089838157
13532657284
17083295538
13478919583
13257843414
17184889916
15577323681
13470644824
17081265978
17087689848
15940123044
15694404335
15825524210
17089165314
17080653569
17192678425
13840403554
17087337413
17180359894
17083294816
17083594162
13592742714
13237873671
15697901528
18316591779
13450060819
15876456247
13093691145
13144588460
13614146031
17080652175
15913844418
17084493034
17083074014
15812857246
17086806470
17089682187
17079474155
13114601447
15876988497
17084494928
13763260517
17083071463
17083298729
15898091493
17075125817
13145668744
13470654814
17083298784
17072244379
17184964697
13083288646
15650927044
15685854092
13237795238
13036086031
17075125895
17186438351
17083298531
13072491384
13151060724
13208041214
17080844514
17858859764
15040760673
18309820914
13735435414
13537142855
18242632641
13208013057
13083285424
17184125355
13042580416
17084495604
17195247742
17089682441
18242635346
13470651491
17075544837
15558314453
13567183314
17078137097
17088921483
13588173446
17081264132
17196424611
17089680651
17196420828
17858619674
13543703470
17186433524
15204080994
18565227486
17089681373
17186436305
18242638473
13543787025
15168284684
18529134206
18588634686
15512544842
13539043941
17083670062
17080128732
17084119326
15840192554
18242631548
17089681321
17083672858
17083298776
17072171624
17086808548
17083296831
17080129440
13560868701
15619014615
15258817649
17087360322
18588584478
13189988463
17075543272
13588424010
17080129176
15512540210
17089621548
17080841864
15968866074
13738011454
17072176467
17089680455
15158030491
17083074326
17090385944
18704005396
17080844387
17188326574
15906811194
13040074508
15597555449
15999740892
13165984360
17072244405
17072281067
17075151704
15217529719
17084185428
17087331846
17081100382
17075125184
13028401864
13116787278
17188326374
17071094328
18242644414
15968833054
13173655148
13612732759
17089682285
15710524245
13588164614
17083670960
17081650847
13016993694
17184125187
17082577016
13694184424
17075309846
17090388124
15118227768
15685488994
17082461379
13028402990
17081121337
13201616482
17135624470
17080843646
17184969062
17072244533
17190026419
17083078365
17080655943
13083042294
15242415683
15558370461
17184969100
18240453527
13252887628
15118521558
13078035479
17080489280
15940218404
15814327780
13151076614
15940158324
14740344538
13211428720
13211424337
13218048281
13539044489
17071439825
15710585407
