15140983404
18341987369
13929676860
15841984583
13555902100
13829460211
18242847780
18445989781
15841974902
13941997031
15875377610
13591907558
18341924633
18482392263
13288428854
13729952552
13649859871
13923925973
13902747820
13941924830
13929681917
18341975625
13941947552
15657169410
18702857240
15841980273
13829471214
18277642167
13049016948
15719469787
15708408663
18781945083
13086005843
18341909357
18781994197
13149394641
18819759476
13144135545
18445751357
18741940619
18445752845
13929685410
13229232193
18702843900
13095360542
18312209770
18824363825
13610995334
15521667764
15579851614
13257970743
18445756103
15976905108
13242105003
13013443438
13841940331
13566413404
13214285403
18445987326
13941902710
15599617584
13566424024
15599895450
18445754610
13790293452
13923972282
18242842639
15007678589
18708153859
18782018923
15904995416
15804996778
